,omega,nequil
0,1.7,344
1,1.7059183673469387,336
2,1.7118367346938774,329
3,1.7177551020408164,322
4,1.7236734693877551,314
5,1.7295918367346939,307
6,1.7355102040816326,300
7,1.7414285714285713,293
8,1.74734693877551,285
9,1.753265306122449,278
10,1.7591836734693878,271
11,1.7651020408163265,263
12,1.7710204081632652,256
13,1.776938775510204,249
14,1.782857142857143,241
15,1.7887755102040817,234
16,1.7946938775510204,227
17,1.8006122448979591,219
18,1.8065306122448979,212
19,1.8124489795918368,204
20,1.8183673469387756,197
21,1.8242857142857143,189
22,1.830204081632653,181
23,1.8361224489795918,173
24,1.8420408163265305,165
25,1.8479591836734695,157
26,1.8538775510204082,149
27,1.859795918367347,140
28,1.8657142857142857,131
29,1.8716326530612244,121
30,1.8775510204081631,110
31,1.883469387755102,97
32,1.8893877551020408,93
33,1.8953061224489796,99
34,1.9012244897959183,105
35,1.907142857142857,112
36,1.913061224489796,120
37,1.9189795918367347,129
38,1.9248979591836735,139
39,1.9308163265306122,152
40,1.936734693877551,167
41,1.9426530612244899,185
42,1.9485714285714286,206
43,1.9544897959183674,235
44,1.960408163265306,270
45,1.9663265306122448,319
46,1.9722448979591838,387
47,1.9781632653061225,494
48,1.9840816326530613,680
49,1.99,1090
